10.0 0.000
10.0 2.812
10.0 5.625
10.0 8.438
10.0 11.250
10.0 14.062
10.0 16.875
10.0 19.688
10.0 22.500
10.0 25.312
10.0 28.125
10.0 30.938
10.0 33.750
10.0 36.562
10.0 39.375
10.0 42.188
10.0 45.000
10.0 47.812
10.0 50.625
10.0 53.438
10.0 56.250
10.0 59.062
10.0 61.875
10.0 64.688
10.0 67.500
10.0 70.312
10.0 73.125
10.0 75.938
10.0 78.750
10.0 81.562
10.0 84.375
10.0 87.188
10.0 90.000
10.0 92.812
10.0 95.625
10.0 98.438
10.0 101.250
10.0 104.062
10.0 106.875
10.0 109.688
10.0 112.500
10.0 115.312
10.0 118.125
10.0 120.938
10.0 123.750
10.0 126.562
10.0 129.375
10.0 132.188
10.0 135.000
10.0 137.812
10.0 140.625
10.0 143.438
10.0 146.250
10.0 149.062
10.0 151.875
10.0 154.688
10.0 157.500
10.0 160.312
10.0 163.125
10.0 165.938
10.0 168.750
10.0 171.562
10.0 174.375
10.0 177.188
10.0 180.000
10.0 182.812
10.0 185.625
10.0 188.438
10.0 191.250
10.0 194.062
10.0 196.875
10.0 199.688
10.0 202.500
10.0 205.312
10.0 208.125
10.0 210.938
10.0 213.750
10.0 216.562
10.0 219.375
10.0 222.188
10.0 225.000
10.0 227.812
10.0 230.625
10.0 233.438
10.0 236.250
10.0 239.062
10.0 241.875
10.0 244.688
10.0 247.500
10.0 250.312
10.0 253.125
10.0 255.938
10.0 258.750
10.0 261.562
10.0 264.375
10.0 267.188
10.0 270.000
10.0 272.812
10.0 275.625
10.0 278.438
10.0 281.250
10.0 284.062
10.0 286.875
10.0 289.688
10.0 292.500
10.0 295.312
10.0 298.125
10.0 300.938
10.0 303.750
10.0 306.562
10.0 309.375
10.0 312.188
10.0 315.000
10.0 317.812
10.0 320.625
10.0 323.438
10.0 326.250
10.0 329.062
10.0 331.875
10.0 334.688
10.0 337.500
10.0 340.312
10.0 343.125
10.0 345.938
10.0 348.750
10.0 351.562
10.0 354.375
10.0 357.188
